011 012 013 014 015 016 017 018 018 019 020 021 022 023 024 025 011 012 014 015 016 017 018 018 019 020 021 022 023 024 024 025 094 094 094 094 094 094 094 094 094 094 094 094 094 094 094
011 028 029 029 029 029 029 029 029 029 029 029 029 029 030 025 011 028 029 029 029 029 029 029 029 029 029 029 029 029 030 025 094 094 094 094 094 094 094 094 094 094 094 094 094 094 094
032 033 029 029 029 029 029 029 029 029 029 029 029 029 034 035 032 033 029 044 044 029 029 029 029 029 029 044 044 029 034 035 094 094 094 094 094 094 094 094 094 094 094 094 094 094 094
038 033 029 029 029 029 029 044 044 029 029 029 029 029 030 041 038 033 029 029 029 029 029 029 029 029 029 029 029 029 030 041 094 094 094 094 094 094 094 094 094 094 094 094 094 094 094
011 033 029 029 029 029 029 044 044 029 029 029 029 029 063 049 011 033 029 029 029 029 029 044 044 029 029 029 029 029 063 049 094 094 094 094 094 094 094 094 094 094 094 094 094 094 094
053 033 029 029 029 029 029 044 044 029 029 029 029 029 045 056 053 033 029 029 029 029 029 029 029 029 029 029 029 029 045 056 094 094 094 094 094 094 094 094 094 094 094 094 094 094 094
061 062 029 029 029 029 029 029 029 029 029 029 029 029 063 064 061 062 029 044 044 029 029 029 029 029 029 044 044 029 063 064 094 094 094 094 094 094 094 094 094 094 094 094 094 094 094
011 054 029 029 029 029 029 029 029 029 029 029 029 029 059 025 011 054 029 029 029 029 029 029 029 029 029 029 029 029 059 025 094 094 094 094 094 094 094 094 094 094 094 094 094 094 094
011 067 068 069 070 071 072 092 093 074 075 076 077 078 079 025 011 067 068 069 070 071 072 092 093 074 075 076 077 078 079 025 094 094 094 094 094 094 094 094 094 094 094 094 094 094 094
082 083 084 083 083 085 086 091 091 087 088 083 083 089 083 090 082 083 084 083 083 085 086 091 091 087 088 083 083 089 083 090 094 094 094 094 094 094 094 094 094 094 094 094 094 094 094
001 002 003 002 002 004 005 010 010 006 007 002 002 008 002 009 001 002 003 002 002 004 005 010 010 006 007 002 002 008 002 009 094 094 094 094 094 094 094 094 094 094 094 094 094 094 094
011 012 013 014 015 016 017 026 027 019 020 021 022 023 024 025 011 012 013 014 015 016 017 026 027 019 020 021 022 023 024 025 094 094 094 094 094 094 094 094 094 094 094 094 094 094 094
011 028 094 094 094 094 029 029 029 029 029 029 029 029 030 025 011 028 029 029 029 029 029 029 029 029 029 029 029 029 030 025 094 094 094 094 094 094 094 094 094 094 094 094 094 094 094
032 033 094 094 094 094 029 029 029 029 029 029 029 029 034 035 032 033 029 029 029 029 029 029 029 029 029 029 029 029 034 035 094 094 094 094 094 094 094 094 094 094 094 094 094 094 094
042 043 094 094 094 094 104 029 029 029 029 029 029 029 040 041 042 043 029 029 044 029 029 029 029 029 029 044 029 029 030 041 094 094 094 094 094 094 094 094 094 094 094 094 094 094 094
050 051 029 029 029 029 029 029 029 029 029 029 029 029 048 049 050 106 029 029 029 029 029 029 029 029 029 029 029 029 063 049 094 094 094 094 094 094 094 094 094 094 094 094 094 094 094
057 058 094 094 094 094 104 029 029 029 029 029 029 029 055 056 057 058 029 029 044 029 029 029 029 029 029 044 029 029 045 056 094 094 094 094 094 094 094 094 094 094 094 094 094 094 094
061 062 094 094 094 094 029 029 029 029 029 029 029 029 063 064 061 062 029 029 029 029 029 029 029 029 029 029 029 029 063 064 094 094 094 094 094 094 094 094 094 094 094 094 094 094 094
011 054 094 094 094 094 029 029 029 029 029 029 029 029 059 025 011 054 029 029 029 029 029 029 029 029 029 029 029 029 059 025 094 094 094 094 094 094 094 094 094 094 094 094 094 094 094
011 067 068 069 070 071 072 080 081 074 075 076 077 078 079 025 011 067 068 069 070 071 072 092 093 074 075 076 077 078 079 025 094 094 094 094 094 094 094 094 094 094 094 094 094 094 094
082 083 084 083 083 085 086 091 091 087 088 083 083 089 083 090 082 083 084 083 083 085 086 091 091 087 088 083 083 089 083 090 094 094 094 094 094 094 094 094 094 094 094 094 094 094 094
001 002 003 002 002 004 005 010 010 006 007 002 002 008 002 009 001 002 003 002 002 004 005 010 010 006 007 002 002 008 002 009 001 002 003 002 002 004 005 002 002 006 007 002 002 008 002
011 012 013 014 015 016 017 026 027 019 020 021 022 023 024 025 011 012 013 014 015 016 017 026 027 019 020 021 022 023 024 025 011 012 013 014 015 016 017 018 018 019 020 021 022 023 024
011 028 029 029 029 029 036 029 029 037 029 029 029 029 030 025 011 028 029 029 029 029 029 029 029 044 044 044 044 044 030 025 011 028 099 099 099 099 099 099 099 099 099 099 099 099 030
032 033 029 029 029 029 036 029 029 037 029 029 029 029 034 035 032 033 029 029 029 029 029 029 029 029 044 044 044 044 034 035 032 033 099 099 099 099 099 099 099 099 099 099 099 099 034
038 033 029 029 029 029 036 029 029 037 029 029 029 029 030 041 038 033 029 029 029 029 029 029 029 029 029 044 044 044 040 041 042 043 099 099 099 099 099 099 099 099 099 099 099 099 040
011 033 029 029 029 044 029 029 029 029 044 029 029 029 063 049 011 033 029 029 029 029 029 029 029 029 029 029 029 029 048 049 050 051 099 099 099 099 099 099 099 099 099 099 099 099 048
053 033 029 029 029 044 029 029 029 029 044 029 029 029 045 056 053 033 029 029 029 029 029 029 029 029 029 044 044 044 055 056 057 058 099 099 099 099 099 099 099 099 099 099 099 099 055
061 062 029 029 029 044 029 029 029 029 044 029 029 029 063 064 061 062 029 029 029 029 029 029 029 029 044 044 044 044 063 064 061 062 099 099 099 099 099 099 099 099 099 099 099 099 063
011 054 029 029 029 044 029 029 029 029 044 029 029 029 059 025 011 054 029 029 029 029 029 029 029 044 044 044 044 044 059 025 011 054 099 099 099 099 099 099 099 099 099 099 099 099 059
011 067 068 069 070 071 072 092 093 074 075 076 077 078 079 025 011 067 068 069 070 071 072 073 073 074 075 076 077 078 079 025 011 067 068 069 070 071 072 073 073 074 075 076 077 078 079
082 083 084 083 083 085 086 091 091 087 088 083 083 089 083 090 082 083 084 083 083 085 086 083 083 087 088 083 083 089 083 090 082 083 084 083 083 085 086 083 083 087 088 083 083 089 083